Sunrise: 2025-03-15T07:00:00.0000000
Sunset: 2025-03-15T19:00:00.0000000
Lat: 0
Lon: 0
LastUpdate: 0001-01-01T00:00:00.0000000
DataSourceIsGeolocator: false

